$ANSIBLE_VAULT;1.1;AES256
66313165376631343662666664313130366262356562353266316362343131333061396462613030
3663636637656363353966643862613931363861663164640a363339326664643331313963623163
37343835386662353862386633343536626538386632623131343535323861303961383634643930
6265336130643831610a306431303830616134303062623737646433343239323533323532393166
33306463316161343731343666633934623962336266626434366134383534316437393131306635
35656633313535386331386235383562346139303537313164663338313762623366643465643437
62323166663366326531646630373039333138303666623138333861323364373738643566336263
38656533346134666662353761313366383433336630656438656666353630393561393330323430
35346131313434346337306661666330353338353661383130306365396233633938663634613762
37363931303265306634366334613865373661353931643031633662623531636365373033653231
36646165373031323931653739633730616232633138643633613362623035646436636138656535
38633232313562353033646334356265343866653731343530323661643065356530353738383839
64663632343163346435393866346535316564376630663034313139666134353830626562396162
34373837303166653761363235613337653364356263656239353562353237393137366638303534
35316231643436346562616133633961343537386134363762333263646339383364656434323166
32656331643363623861343666313737623434663761336138333831653139303236643532353334
6639
